0.44537 0.0084386
0.44801 0.0083984
0.45062 0.0083586
0.45321 0.0083192
0.45578 0.0082801
0.45832 0.0082414
0.46085 0.008203
0.46334 0.008165
0.46582 0.0081273
0.46828 0.0080899
0.47071 0.0080529
0.47312 0.0080162
0.47551 0.0079798
0.47788 0.0079437
0.48023 0.007908
0.48256 0.0078726
0.48486 0.0078374
0.48715 0.0078026
0.48942 0.007768
0.49167 0.0077338
0.4939 0.0076998
0.49612 0.0076662
0.49831 0.0076328
0.50326 0.0075574
0.50549 0.0075235
0.50769 0.00749
0.50987 0.0074568
0.51203 0.007424
0.51416 0.0073916
0.51627 0.0073595
0.51836 0.0073277
0.52042 0.0072963
0.52247 0.0072651
0.52449 0.0072343
0.5265 0.0072038
0.52848 0.0071736
0.53045 0.0071437
0.53239 0.0071141
0.53432 0.0070847
0.53623 0.0070556
0.53812 0.0070268
0.54 0.0069983
0.54186 0.00697
0.5437 0.006942
0.54553 0.0069142
0.54734 0.0068866
0.54913 0.0068593
0.55091 0.0068323
0.55267 0.0068054
0.55442 0.0067788
0.55615 0.0067524
0.55787 0.0067263
0.55958 0.0067003
0.56127 0.0066746
0.56295 0.006649
0.56461 0.0066237
0.56626 0.0065986
0.5679 0.0065736
0.56953 0.0065489
0.57114 0.0065243
0.57274 0.0065
0.57433 0.0064758
0.5759 0.0064518
0.57747 0.006428
0.57902 0.0064044
0.58056 0.0063809
0.58209 0.0063576
0.58361 0.0063345
0.58512 0.0063116
0.58662 0.0062888
0.5881 0.0062662
0.58958 0.0062437
0.59104 0.0062214
0.5925 0.0061993
0.59178 0.0062102
0.59326 0.0061877
0.59472 0.0061654
0.59618 0.0061432
0.59763 0.0061212
0.59906 0.0060994
0.60049 0.0060776
0.60191 0.0060561
0.60332 0.0060346
0.60472 0.0060133
0.60611 0.0059922
0.60749 0.0059712
0.60886 0.0059503
0.61022 0.0059295
0.61158 0.0059089
0.61292 0.0058884
0.61426 0.0058681
0.61559 0.0058478
0.61691 0.0058277
0.61822 0.0058078
0.61953 0.0057879
0.62082 0.0057682
0.62211 0.0057486
0.62339 0.0057291
0.62466 0.0057098
0.62592 0.0056905
0.62718 0.0056714
0.62843 0.0056524
0.62967 0.0056335
0.6309 0.0056148
0.63213 0.0055961
0.63335 0.0055776
0.63456 0.0055592
0.63576 0.0055408
0.63696 0.0055226
0.63815 0.0055045
0.63933 0.0054866
0.6405 0.0054687
0.64167 0.0054509
0.64283 0.0054332
0.64399 0.0054157
0.64513 0.0053982
0.64627 0.0053808
0.64741 0.0053636
0.64853 0.0053464
0.64966 0.0053294
0.65077 0.0053124
0.65188 0.0052955
0.65298 0.0052788
0.65407 0.0052621
0.65516 0.0052455
0.65625 0.005229
0.65732 0.0052127
0.65839 0.0051964
0.65946 0.0051802
0.66052 0.0051641
0.66157 0.005148
0.66262 0.0051321
0.66366 0.0051163
0.66469 0.0051005
0.66572 0.0050848
0.66674 0.0050693
0.66776 0.0050538
0.66877 0.0050384
0.66978 0.005023
0.67078 0.0050078
0.67178 0.0049927
0.67277 0.0049776
0.67375 0.0049626
0.67473 0.0049477
0.67571 0.0049328
0.67668 0.0049181
0.67764 0.0049034
0.6786 0.0048888
0.67955 0.0048743
0.6805 0.0048599
0.68145 0.0048455
0.68238 0.0048312
0.68332 0.004817
0.68425 0.0048029
0.68517 0.0047888
0.68609 0.0047749
0.687 0.0047609
0.68791 0.0047471
0.68882 0.0047333
0.68972 0.0047196
0.69061 0.004706
0.6915 0.0046925
0.69239 0.004679
0.69327 0.0046656
0.69415 0.0046522
0.69502 0.0046389
0.69589 0.0046257
0.69675 0.0046126
0.69761 0.0045995
0.69847 0.0045865
0.69932 0.0045735
0.70016 0.0045606
0.70101 0.0045478
0.70311 0.0045159
0.70341 0.0045112
0.70372 0.0045066
0.70402 0.0045019
0.70433 0.0044973
0.70463 0.0044927
0.70493 0.0044881
0.70759 0.0044475
0.7084 0.0044353
0.7092 0.0044231
0.71 0.004411
0.71079 0.0043989
0.71158 0.0043868
0.71237 0.0043749
0.71315 0.004363
0.71393 0.0043511
0.7147 0.0043393
0.71547 0.0043276
0.71624 0.0043159
0.71701 0.0043043
0.71777 0.0042927
0.71852 0.0042812
0.71928 0.0042698
0.72002 0.0042584
0.72077 0.004247
0.72151 0.0042357
0.72225 0.0042245
0.72299 0.0042133
0.72372 0.0042021
0.72445 0.0041911
0.72517 0.00418
0.72589 0.004169
0.72661 0.0041581
0.72733 0.0041472
0.72804 0.0041364
0.72875 0.0041256
0.72945 0.0041149
0.73015 0.0041042
0.73085 0.0040936
0.73155 0.004083
0.73224 0.0040724
0.73293 0.0040619
0.73362 0.0040515
0.7343 0.0040411
0.73498 0.0040307
0.73566 0.0040204
0.73633 0.0040102
0.737 0.004
0.73767 0.0039898
0.73833 0.0039797
0.739 0.0039696
0.73966 0.0039596
0.74031 0.0039496
0.74097 0.0039396
0.74162 0.0039298
0.74226 0.0039199
0.74291 0.0039101
0.74355 0.0039003
0.74419 0.0038906
0.74482 0.0038809
0.74546 0.0038713
0.74609 0.0038617
0.74672 0.0038521
0.74734 0.0038426
0.74796 0.0038331
0.74858 0.0038237
0.7492 0.0038143
0.74982 0.0038049
0.75043 0.0037956
0.75104 0.0037863
0.75164 0.0037771
0.75225 0.0037679
0.75285 0.0037588
0.75345 0.0037496
0.75405 0.0037406
0.75464 0.0037315
0.75523 0.0037225
0.75582 0.0037136
0.75641 0.0037046
0.75699 0.0036957
0.75757 0.0036869
0.75815 0.0036781
0.75873 0.0036693
0.7593 0.0036605
0.75988 0.0036518
0.76045 0.0036432
0.76101 0.0036345
0.76158 0.0036259
0.76214 0.0036174
0.7627 0.0036088
0.76326 0.0036003
0.76381 0.0035919
0.76437 0.0035835
0.76492 0.0035751
0.76547 0.0035667
0.76602 0.0035584
0.76656 0.0035501
0.7671 0.0035419
0.76764 0.0035336
0.76818 0.0035254
0.76872 0.0035173
0.76925 0.0035092
0.76978 0.0035011
0.77031 0.003493
0.77084 0.003485
0.77136 0.003477
0.77189 0.003469
0.77241 0.0034611
0.77293 0.0034532
0.77344 0.0034453
0.77396 0.0034375
0.77447 0.0034297
0.77498 0.0034219
0.77549 0.0034142
0.77735 0.0033859
0.77787 0.0033779
0.7784 0.00337
0.77892 0.003362
0.77943 0.0033542
0.77995 0.0033463
0.78046 0.0033385
0.78098 0.0033307
0.78149 0.0033229
0.782 0.0033152
0.7825 0.0033075
0.78301 0.0032998
