0.27235 0.011072
0.28461 0.010885
0.25656 0.011312
0.26413 0.011197
0.25541 0.01133
0.25997 0.01126
0.25556 0.011327
0.25999 0.01126
0.25183 0.011384
0.26139 0.011239
0.25085 0.011399
0.25185 0.011384
0.26289 0.011216
0.27075 0.011096
0.24485 0.01149
0.24495 0.011489
0.24948 0.01142
0.25151 0.011389
0.2422 0.011531
0.24524 0.011484
0.22436 0.011802
0.24481 0.011491
0.23819 0.011592
0.24034 0.011559
0.2442 0.0115
0.2325 0.011678
0.22514 0.01179
0.23394 0.011656
0.26331 0.011209
0.27892 0.010972
0.29149 0.01078
0.30214 0.010618
0.31144 0.010477
0.32554 0.010262
0.33186 0.010166
0.33789 0.010074
0.34367 0.0099864
0.34921 0.009902
0.35455 0.0098208
0.35968 0.0097426
0.36464 0.0096672
0.36943 0.0095943
0.37407 0.0095237
0.37856 0.0094553
0.38293 0.0093889
0.38716 0.0093244
0.39128 0.0092617
0.39529 0.0092007
0.3992 0.0091412
0.40302 0.0090831
0.40674 0.0090265
0.41037 0.0089712
0.41393 0.0089171
0.4174 0.0088642
0.42081 0.0088123
0.42414 0.0087616
0.42741 0.0087118
0.43062 0.0086631
0.43376 0.0086152
0.43964 0.0085258
0.4422 0.0084867
0.44475 0.008448
0.44727 0.0084096
0.44977 0.0083715
0.45225 0.0083338
0.45471 0.0082964
0.45714 0.0082593
0.45956 0.0082226
0.46195 0.0081862
0.46433 0.00815
0.46668 0.0081142
0.46901 0.0080787
0.47133 0.0080435
0.47362 0.0080085
0.4759 0.0079739
0.47815 0.0079396
0.48039 0.0079055
0.48261 0.0078717
0.48481 0.0078382
0.487 0.007805
0.49174 0.0077329
0.49399 0.0076986
0.49621 0.0076648
0.49841 0.0076313
0.50058 0.0075982
0.50273 0.0075655
0.50486 0.0075331
0.50697 0.007501
0.50905 0.0074694
0.51111 0.007438
0.51315 0.0074069
0.51517 0.0073762
0.51717 0.0073458
0.51915 0.0073157
0.52111 0.0072858
0.52305 0.0072563
0.52497 0.007227
0.52688 0.007198
0.52876 0.0071693
0.53063 0.0071408
0.53249 0.0071126
0.53432 0.0070847
0.53614 0.007057
0.53795 0.0070296
0.53973 0.0070023
0.54151 0.0069754
0.54326 0.0069486
0.54501 0.0069221
0.54673 0.0068958
0.54845 0.0068697
0.55015 0.0068438
0.55183 0.0068182
0.55351 0.0067927
0.55516 0.0067675
0.55681 0.0067424
0.55844 0.0067176
0.56006 0.0066929
0.56167 0.0066684
0.56327 0.0066442
0.56485 0.0066201
0.56642 0.0065961
0.56798 0.0065724
0.56953 0.0065488
0.57107 0.0065255
0.57259 0.0065022
0.57411 0.0064792
0.57561 0.0064563
0.5771 0.0064336
0.57859 0.006411
0.58006 0.0063886
0.58152 0.0063664
0.58297 0.0063443
0.58441 0.0063223
0.58584 0.0063006
0.58727 0.0062789
0.58868 0.0062574
0.59008 0.0062361
0.59147 0.0062149
0.59286 0.0061938
0.59423 0.0061729
0.5956 0.0061521
0.59696 0.0061314
0.59831 0.0061109
0.59965 0.0060905
0.60098 0.0060702
0.60037 0.0060795
0.60172 0.0060589
0.60307 0.0060384
0.60441 0.006018
0.60574 0.0059978
0.60706 0.0059777
0.60837 0.0059577
0.60968 0.0059378
0.61097 0.0059181
0.61226 0.0058984
0.61355 0.0058789
0.61482 0.0058596
0.61608 0.0058403
0.61734 0.0058211
0.61859 0.0058021
0.61984 0.0057832
0.62107 0.0057644
0.6223 0.0057457
0.62352 0.0057271
0.62474 0.0057086
0.62594 0.0056902
0.62714 0.005672
0.62834 0.0056538
0.62952 0.0056358
0.6307 0.0056178
0.63187 0.0056
0.63304 0.0055823
0.6342 0.0055646
0.63535 0.0055471
0.63649 0.0055297
0.63763 0.0055123
0.63876 0.0054951
0.63989 0.005478
0.64101 0.0054609
0.64212 0.005444
0.64323 0.0054272
0.64433 0.0054104
0.64542 0.0053937
0.64651 0.0053772
0.6476 0.0053607
0.64867 0.0053443
0.64974 0.005328
0.65081 0.0053118
0.65187 0.0052957
0.65292 0.0052797
0.65397 0.0052638
0.65501 0.0052479
0.65604 0.0052322
0.65707 0.0052165
0.6581 0.0052009
0.65912 0.0051854
0.66013 0.00517
0.66114 0.0051546
0.66214 0.0051393
0.66314 0.0051242
0.66413 0.0051091
0.66512 0.0050941
0.6661 0.0050791
0.66707 0.0050643
0.66805 0.0050495
0.66901 0.0050348
0.66997 0.0050201
0.67093 0.0050056
0.67188 0.0049911
0.67283 0.0049767
0.67377 0.0049624
0.6747 0.0049481
0.67564 0.0049339
0.67656 0.0049198
0.67748 0.0049058
0.6784 0.0048918
0.67931 0.004878
0.68022 0.0048641
0.68113 0.0048504
0.68203 0.0048367
0.68292 0.0048231
0.68381 0.0048095
0.68469 0.0047961
0.68558 0.0047827
0.68645 0.0047693
0.68732 0.004756
0.68819 0.0047428
0.68906 0.0047297
0.68992 0.0047166
0.69077 0.0047036
0.69162 0.0046906
0.69247 0.0046777
0.69331 0.0046649
0.69415 0.0046522
0.69498 0.0046395
0.69582 0.0046268
0.69664 0.0046142
0.69746 0.0046017
0.69828 0.0045893
0.70012 0.0045613
0.70041 0.0045569
0.7007 0.0045525
0.70099 0.0045481
0.70128 0.0045437
0.70156 0.0045393
0.7039 0.0045037
0.70469 0.0044917
0.70548 0.0044798
0.70626 0.0044679
0.70703 0.0044561
0.70781 0.0044443
0.70857 0.0044326
0.70934 0.004421
0.7101 0.0044094
0.71086 0.0043978
0.71162 0.0043863
0.71237 0.0043749
0.71312 0.0043635
0.71386 0.0043521
0.7146 0.0043409
0.71534 0.0043296
0.71608 0.0043184
0.71681 0.0043073
0.71754 0.0042962
0.71826 0.0042852
0.71898 0.0042742
0.7197 0.0042633
0.72042 0.0042524
0.72113 0.0042416
0.72184 0.0042308
0.72254 0.00422
0.72324 0.0042094
0.72394 0.0041987
0.72464 0.0041881
0.72533 0.0041776
0.72602 0.0041671
0.72671 0.0041566
0.72739 0.0041462
0.72807 0.0041358
0.72875 0.0041255
0.72943 0.0041152
0.7301 0.004105
0.73077 0.0040948
0.73143 0.0040847
0.7321 0.0040746
0.73276 0.0040646
0.73342 0.0040545
0.73407 0.0040446
0.73472 0.0040347
0.73537 0.0040248
0.73602 0.0040149
0.73666 0.0040051
0.7373 0.0039954
0.73794 0.0039857
0.73858 0.003976
0.73921 0.0039664
0.73984 0.0039568
0.74047 0.0039472
0.74109 0.0039377
