0 1e+06 1e+06 1e+06
1 1.6381e+06 1.6435e+06 1.6489e+06
2 2.58e+06 2.6169e+06 2.653e+06
3 3.8978e+06 4.0313e+06 4.1628e+06
4 5.6444e+06 6.0067e+06 6.3701e+06
5 7.8438e+06 8.6635e+06 9.5116e+06
6 1.049e+07 1.2118e+07 1.3873e+07
7 1.3558e+07 1.6479e+07 1.9793e+07
8 1.7014e+07 2.1857e+07 2.767e+07
9 2.0833e+07 2.8365e+07 3.7969e+07
10 2.5e+07 3.613e+07 5.1226e+07
11 2.9521e+07 4.5296e+07 6.8047e+07
12 3.4415e+07 5.6029e+07 8.9103e+07
13 3.9714e+07 6.8515e+07 1.151e+08
14 4.5461e+07 8.2956e+07 1.4674e+08
15 5.1704e+07 9.9563e+07 1.8465e+08
16 5.8496e+07 1.1854e+08 2.2928e+08
17 6.5891e+07 1.4009e+08 2.8078e+08
18 7.3946e+07 1.6436e+08 3.3893e+08
19 8.2712e+07 1.9147e+08 4.03e+08
20 9.2239e+07 2.2142e+08 4.7177e+08
21 1.0257e+08 2.5417e+08 5.4357e+08
22 1.1375e+08 2.8954e+08 6.1643e+08
23 1.258e+08 3.2722e+08 6.8832e+08
24 1.3875e+08 3.6682e+08 7.5736e+08
25 1.5259e+08 4.0783e+08 8.2202e+08
26 1.6732e+08 4.4964e+08 8.8123e+08
27 1.8291e+08 4.9164e+08 9.3439e+08
28 1.9934e+08 5.3319e+08 9.8132e+08
29 2.1652e+08 5.7369e+08 1.0222e+09
30 2.344e+08 6.1262e+08 1.0574e+09
31 2.5288e+08 6.4956e+08 1.0875e+09
32 2.7185e+08 6.8417e+08 1.1131e+09
33 2.912e+08 7.1624e+08 1.1347e+09
34 3.1078e+08 7.4568e+08 1.153e+09
35 3.3048e+08 7.7245e+08 1.1684e+09
36 3.5015e+08 7.9662e+08 1.1814e+09
37 3.6967e+08 8.183e+08 1.1923e+09
38 3.8889e+08 8.3763e+08 1.2015e+09
39 4.077e+08 8.5479e+08 1.2092e+09
40 4.2599e+08 8.6997e+08 1.2157e+09
41 4.4367e+08 8.8335e+08 1.2213e+09
42 4.6066e+08 8.9511e+08 1.2259e+09
43 4.769e+08 9.0543e+08 1.2299e+09
44 4.9233e+08 9.1447e+08 1.2332e+09
45 5.0693e+08 9.2237e+08 1.2361e+09
46 5.2068e+08 9.2928e+08 1.2385e+09
47 5.3358e+08 9.3531e+08 1.2405e+09
48 5.4562e+08 9.4057e+08 1.2423e+09
49 5.5683e+08 9.4516e+08 1.2438e+09
50 5.6723e+08 9.4915e+08 1.245e+09
51 5.7685e+08 9.5264e+08 1.2461e+09
52 5.8573e+08 9.5567e+08 1.247e+09
53 5.939e+08 9.5832e+08 1.2478e+09
54 6.014e+08 9.6062e+08 1.2485e+09
55 6.0827e+08 9.6263e+08 1.249e+09
56 6.1455e+08 9.6438e+08 1.2495e+09
57 6.203e+08 9.659e+08 1.2499e+09
58 6.2553e+08 9.6722e+08 1.2503e+09
59 6.303e+08 9.6838e+08 1.2506e+09
60 6.3464e+08 9.6938e+08 1.2508e+09
61 6.3858e+08 9.7026e+08 1.251e+09
62 6.4216e+08 9.7102e+08 1.2512e+09
63 6.454e+08 9.7168e+08 1.2514e+09
64 6.4835e+08 9.7226e+08 1.2515e+09
65 6.5101e+08 9.7276e+08 1.2516e+09
66 6.5343e+08 9.732e+08 1.2517e+09
67 6.5561e+08 9.7358e+08 1.2518e+09
68 6.5759e+08 9.7391e+08 1.2519e+09
69 6.5937e+08 9.742e+08 1.252e+09
70 6.6098e+08 9.7446e+08 1.252e+09
71 6.6244e+08 9.7468e+08 1.2521e+09
72 6.6376e+08 9.7487e+08 1.2521e+09
73 6.6495e+08 9.7503e+08 1.2521e+09
74 6.6602e+08 9.7518e+08 1.2521e+09
75 6.6699e+08 9.753e+08 1.2522e+09
76 6.6786e+08 9.7541e+08 1.2522e+09
77 6.6865e+08 9.7551e+08 1.2522e+09
78 6.6936e+08 9.7559e+08 1.2522e+09
79 6.7e+08 9.7567e+08 1.2522e+09
80 6.7058e+08 9.7573e+08 1.2522e+09
81 6.711e+08 9.7579e+08 1.2523e+09
82 6.7157e+08 9.7583e+08 1.2523e+09
83 6.7199e+08 9.7588e+08 1.2523e+09
84 6.7237e+08 9.7591e+08 1.2523e+09
85 6.7272e+08 9.7594e+08 1.2523e+09
86 6.7302e+08 9.7597e+08 1.2523e+09
87 6.733e+08 9.7599e+08 1.2523e+09
88 6.7356e+08 9.7602e+08 1.2523e+09
89 6.7378e+08 9.7603e+08 1.2523e+09
90 6.7399e+08 9.7605e+08 1.2523e+09
91 6.7417e+08 9.7606e+08 1.2523e+09
92 6.7434e+08 9.7608e+08 1.2523e+09
93 6.7449e+08 9.7609e+08 1.2523e+09
94 6.7462e+08 9.761e+08 1.2523e+09
95 6.7474e+08 9.761e+08 1.2523e+09
96 6.7485e+08 9.7611e+08 1.2523e+09
97 6.7495e+08 9.7612e+08 1.2523e+09
98 6.7504e+08 9.7612e+08 1.2523e+09
99 6.7512e+08 9.7613e+08 1.2523e+09
100 6.7519e+08 9.7613e+08 1.2523e+09
101 6.7525e+08 9.7613e+08 1.2523e+09
102 6.7531e+08 9.7614e+08 1.2523e+09
103 6.7537e+08 9.7614e+08 1.2523e+09
104 6.7541e+08 9.7614e+08 1.2523e+09
105 6.7546e+08 9.7614e+08 1.2523e+09
106 6.7549e+08 9.7615e+08 1.2523e+09
107 6.7553e+08 9.7615e+08 1.2523e+09
108 6.7556e+08 9.7615e+08 1.2523e+09
109 6.7559e+08 9.7615e+08 1.2523e+09
110 6.7561e+08 9.7615e+08 1.2523e+09
111 6.7564e+08 9.7615e+08 1.2523e+09
112 6.7566e+08 9.7615e+08 1.2523e+09
113 6.7567e+08 9.7615e+08 1.2523e+09
114 6.7569e+08 9.7615e+08 1.2523e+09
115 6.7571e+08 9.7615e+08 1.2523e+09
116 6.7572e+08 9.7615e+08 1.2523e+09
117 6.7573e+08 9.7615e+08 1.2523e+09
118 6.7574e+08 9.7616e+08 1.2523e+09
119 6.7575e+08 9.7616e+08 1.2523e+09
120 6.7576e+08 9.7616e+08 1.2523e+09
121 6.7577e+08 9.7616e+08 1.2523e+09
122 6.7578e+08 9.7616e+08 1.2523e+09
123 6.7578e+08 9.7616e+08 1.2523e+09
124 6.7579e+08 9.7616e+08 1.2523e+09
125 6.7579e+08 9.7616e+08 1.2523e+09
126 6.758e+08 9.7616e+08 1.2523e+09
127 6.758e+08 9.7616e+08 1.2523e+09
128 6.7581e+08 9.7616e+08 1.2523e+09
129 6.7581e+08 9.7616e+08 1.2523e+09
130 6.7581e+08 9.7616e+08 1.2523e+09
131 6.7582e+08 9.7616e+08 1.2523e+09
132 6.7582e+08 9.7616e+08 1.2523e+09
133 6.7582e+08 9.7616e+08 1.2523e+09
134 6.7582e+08 9.7616e+08 1.2523e+09
135 6.7583e+08 9.7616e+08 1.2523e+09
136 6.7583e+08 9.7616e+08 1.2523e+09
137 6.7583e+08 9.7616e+08 1.2523e+09
138 6.7583e+08 9.7616e+08 1.2523e+09
139 6.7583e+08 9.7616e+08 1.2523e+09
140 6.7583e+08 9.7616e+08 1.2523e+09
141 6.7583e+08 9.7616e+08 1.2523e+09
142 6.7583e+08 9.7616e+08 1.2523e+09
143 6.7583e+08 9.7616e+08 1.2523e+09
144 6.7584e+08 9.7616e+08 1.2523e+09
145 6.7584e+08 9.7616e+08 1.2523e+09
146 6.7584e+08 9.7616e+08 1.2523e+09
147 6.7584e+08 9.7616e+08 1.2523e+09
148 6.7584e+08 9.7616e+08 1.2523e+09
149 6.7584e+08 9.7616e+08 1.2523e+09
150 6.7584e+08 9.7616e+08 1.2523e+09
151 6.7584e+08 9.7616e+08 1.2523e+09
152 6.7584e+08 9.7616e+08 1.2523e+09
153 6.7584e+08 9.7616e+08 1.2523e+09
154 6.7584e+08 9.7616e+08 1.2523e+09
155 6.7584e+08 9.7616e+08 1.2523e+09
156 6.7584e+08 9.7616e+08 1.2523e+09
157 6.7584e+08 9.7616e+08 1.2523e+09
158 6.7584e+08 9.7616e+08 1.2523e+09
159 6.7584e+08 9.7616e+08 1.2523e+09
160 6.7584e+08 9.7616e+08 1.2523e+09
161 6.7584e+08 9.7616e+08 1.2523e+09
162 6.7584e+08 9.7616e+08 1.2523e+09
163 6.7584e+08 9.7616e+08 1.2523e+09
164 6.7584e+08 9.7616e+08 1.2523e+09
165 6.7584e+08 9.7616e+08 1.2523e+09
166 6.7584e+08 9.7616e+08 1.2523e+09
167 6.7584e+08 9.7616e+08 1.2523e+09
168 6.7584e+08 9.7616e+08 1.2523e+09
169 6.7584e+08 9.7616e+08 1.2523e+09
170 6.7584e+08 9.7616e+08 1.2523e+09
171 6.7584e+08 9.7616e+08 1.2523e+09
172 6.7584e+08 9.7616e+08 1.2523e+09
173 6.7584e+08 9.7616e+08 1.2523e+09
174 6.7584e+08 9.7616e+08 1.2523e+09
175 6.7584e+08 9.7616e+08 1.2523e+09
176 6.7584e+08 9.7616e+08 1.2523e+09
177 6.7584e+08 9.7616e+08 1.2523e+09
178 6.7584e+08 9.7616e+08 1.2523e+09
179 6.7584e+08 9.7616e+08 1.2523e+09
180 6.7584e+08 9.7616e+08 1.2523e+09
181 6.7584e+08 9.7616e+08 1.2523e+09
182 6.7584e+08 9.7616e+08 1.2523e+09
183 6.7584e+08 9.7616e+08 1.2523e+09
184 6.7584e+08 9.7616e+08 1.2523e+09
185 6.7584e+08 9.7616e+08 1.2523e+09
186 6.7584e+08 9.7616e+08 1.2523e+09
187 6.7584e+08 9.7616e+08 1.2523e+09
188 6.7584e+08 9.7616e+08 1.2523e+09
189 6.7584e+08 9.7616e+08 1.2523e+09
190 6.7584e+08 9.7616e+08 1.2523e+09
191 6.7584e+08 9.7616e+08 1.2523e+09
192 6.7584e+08 9.7616e+08 1.2523e+09
193 6.7584e+08 9.7616e+08 1.2523e+09
194 6.7584e+08 9.7616e+08 1.2523e+09
195 6.7584e+08 9.7616e+08 1.2523e+09
196 6.7584e+08 9.7616e+08 1.2523e+09
197 6.7584e+08 9.7616e+08 1.2523e+09
198 6.7584e+08 9.7616e+08 1.2523e+09
199 6.7584e+08 9.7616e+08 1.2523e+09
200 6.7584e+08 9.7616e+08 1.2523e+09
201 6.7584e+08 9.7616e+08 1.2523e+09
202 6.7584e+08 9.7616e+08 1.2523e+09
203 6.7584e+08 9.7616e+08 1.2523e+09
204 6.7584e+08 9.7616e+08 1.2523e+09
205 6.7584e+08 9.7616e+08 1.2523e+09
206 6.7584e+08 9.7616e+08 1.2523e+09
207 6.7584e+08 9.7616e+08 1.2523e+09
208 6.7584e+08 9.7616e+08 1.2523e+09
209 6.7584e+08 9.7616e+08 1.2523e+09
210 6.7584e+08 9.7616e+08 1.2523e+09
211 6.7584e+08 9.7616e+08 1.2523e+09
212 6.7584e+08 9.7616e+08 1.2523e+09
213 6.7584e+08 9.7616e+08 1.2523e+09
214 6.7584e+08 9.7616e+08 1.2523e+09
215 6.7584e+08 9.7616e+08 1.2523e+09
216 6.7584e+08 9.7616e+08 1.2523e+09
217 6.7584e+08 9.7616e+08 1.2523e+09
218 6.7584e+08 9.7616e+08 1.2523e+09
219 6.7584e+08 9.7616e+08 1.2523e+09
220 6.7584e+08 9.7616e+08 1.2523e+09
221 6.7584e+08 9.7616e+08 1.2523e+09
222 6.7584e+08 9.7616e+08 1.2523e+09
223 6.7584e+08 9.7616e+08 1.2523e+09
224 6.7584e+08 9.7616e+08 1.2523e+09
225 6.7584e+08 9.7616e+08 1.2523e+09
226 6.7584e+08 9.7616e+08 1.2523e+09
227 6.7584e+08 9.7616e+08 1.2523e+09
228 6.7584e+08 9.7616e+08 1.2523e+09
229 6.7584e+08 9.7616e+08 1.2523e+09
230 6.7584e+08 9.7616e+08 1.2523e+09
231 6.7584e+08 9.7616e+08 1.2523e+09
232 6.7584e+08 9.7616e+08 1.2523e+09
233 6.7584e+08 9.7616e+08 1.2523e+09
234 6.7584e+08 9.7616e+08 1.2523e+09
235 6.7584e+08 9.7616e+08 1.2523e+09
236 6.7584e+08 9.7616e+08 1.2523e+09
237 6.7584e+08 9.7616e+08 1.2523e+09
238 6.7584e+08 9.7616e+08 1.2523e+09
239 6.7584e+08 9.7616e+08 1.2523e+09
240 6.7584e+08 9.7616e+08 1.2523e+09
241 6.7584e+08 9.7616e+08 1.2523e+09
242 6.7584e+08 9.7616e+08 1.2523e+09
243 6.7584e+08 9.7616e+08 1.2523e+09
244 6.7584e+08 9.7616e+08 1.2523e+09
245 6.7584e+08 9.7616e+08 1.2523e+09
246 6.7584e+08 9.7616e+08 1.2523e+09
247 6.7584e+08 9.7616e+08 1.2523e+09
248 6.7584e+08 9.7616e+08 1.2523e+09
249 6.7584e+08 9.7616e+08 1.2523e+09
250 6.7584e+08 9.7616e+08 1.2523e+09
251 6.7584e+08 9.7616e+08 1.2523e+09
252 6.7584e+08 9.7616e+08 1.2523e+09
253 6.7584e+08 9.7616e+08 1.2523e+09
254 6.7584e+08 9.7616e+08 1.2523e+09
255 6.7584e+08 9.7616e+08 1.2523e+09
256 6.7584e+08 9.7616e+08 1.2523e+09
257 6.7584e+08 9.7616e+08 1.2523e+09
258 6.7584e+08 9.7616e+08 1.2523e+09
259 6.7584e+08 9.7616e+08 1.2523e+09
260 6.7584e+08 9.7616e+08 1.2523e+09
261 6.7584e+08 9.7616e+08 1.2523e+09
262 6.7584e+08 9.7616e+08 1.2523e+09
263 6.7584e+08 9.7616e+08 1.2523e+09
264 6.7584e+08 9.7616e+08 1.2523e+09
265 6.7584e+08 9.7616e+08 1.2523e+09
266 6.7584e+08 9.7616e+08 1.2523e+09
267 6.7584e+08 9.7616e+08 1.2523e+09
268 6.7584e+08 9.7616e+08 1.2523e+09
269 6.7584e+08 9.7616e+08 1.2523e+09
270 6.7584e+08 9.7616e+08 1.2523e+09
271 6.7584e+08 9.7616e+08 1.2523e+09
272 6.7584e+08 9.7616e+08 1.2523e+09
273 6.7584e+08 9.7616e+08 1.2523e+09
274 6.7584e+08 9.7616e+08 1.2523e+09
275 6.7584e+08 9.7616e+08 1.2523e+09
276 6.7584e+08 9.7616e+08 1.2523e+09
277 6.7584e+08 9.7616e+08 1.2523e+09
278 6.7584e+08 9.7616e+08 1.2523e+09
279 6.7584e+08 9.7616e+08 1.2523e+09
280 6.7584e+08 9.7616e+08 1.2523e+09
281 6.7584e+08 9.7616e+08 1.2523e+09
282 6.7584e+08 9.7616e+08 1.2523e+09
283 6.7584e+08 9.7616e+08 1.2523e+09
284 6.7584e+08 9.7616e+08 1.2523e+09
285 6.7584e+08 9.7616e+08 1.2523e+09
286 6.7584e+08 9.7616e+08 1.2523e+09
287 6.7584e+08 9.7616e+08 1.2523e+09
288 6.7584e+08 9.7616e+08 1.2523e+09
289 6.7584e+08 9.7616e+08 1.2523e+09
290 6.7584e+08 9.7616e+08 1.2523e+09
291 6.7584e+08 9.7616e+08 1.2523e+09
292 6.7584e+08 9.7616e+08 1.2523e+09
293 6.7584e+08 9.7616e+08 1.2523e+09
294 6.7584e+08 9.7616e+08 1.2523e+09
295 6.7584e+08 9.7616e+08 1.2523e+09
296 6.7584e+08 9.7616e+08 1.2523e+09
297 6.7584e+08 9.7616e+08 1.2523e+09
298 6.7584e+08 9.7616e+08 1.2523e+09
299 6.7584e+08 9.7616e+08 1.2523e+09
300 6.7584e+08 9.7616e+08 1.2523e+09
301 6.7584e+08 9.7616e+08 1.2523e+09
302 6.7584e+08 9.7616e+08 1.2523e+09
303 6.7584e+08 9.7616e+08 1.2523e+09
304 6.7584e+08 9.7616e+08 1.2523e+09
305 6.7584e+08 9.7616e+08 1.2523e+09
306 6.7584e+08 9.7616e+08 1.2523e+09
307 6.7584e+08 9.7616e+08 1.2523e+09
308 6.7584e+08 9.7616e+08 1.2523e+09
309 6.7584e+08 9.7616e+08 1.2523e+09
310 6.7584e+08 9.7616e+08 1.2523e+09
311 6.7584e+08 9.7616e+08 1.2523e+09
312 6.7584e+08 9.7616e+08 1.2523e+09
313 6.7584e+08 9.7616e+08 1.2523e+09
314 6.7584e+08 9.7616e+08 1.2523e+09
315 6.7584e+08 9.7616e+08 1.2523e+09
316 6.7584e+08 9.7616e+08 1.2523e+09
317 6.7584e+08 9.7616e+08 1.2523e+09
318 6.7584e+08 9.7616e+08 1.2523e+09
319 6.7584e+08 9.7616e+08 1.2523e+09
320 6.7584e+08 9.7616e+08 1.2523e+09
321 6.7584e+08 9.7616e+08 1.2523e+09
322 6.7584e+08 9.7616e+08 1.2523e+09
323 6.7584e+08 9.7616e+08 1.2523e+09
324 6.7584e+08 9.7616e+08 1.2523e+09
325 6.7584e+08 9.7616e+08 1.2523e+09
326 6.7584e+08 9.7616e+08 1.2523e+09
327 6.7584e+08 9.7616e+08 1.2523e+09
328 6.7584e+08 9.7616e+08 1.2523e+09
329 6.7584e+08 9.7616e+08 1.2523e+09
330 6.7584e+08 9.7616e+08 1.2523e+09
331 6.7584e+08 9.7616e+08 1.2523e+09
332 6.7584e+08 9.7616e+08 1.2523e+09
333 6.7584e+08 9.7616e+08 1.2523e+09
334 6.7584e+08 9.7616e+08 1.2523e+09
335 6.7584e+08 9.7616e+08 1.2523e+09
336 6.7584e+08 9.7616e+08 1.2523e+09
337 6.7584e+08 9.7616e+08 1.2523e+09
338 6.7584e+08 9.7616e+08 1.2523e+09
339 6.7584e+08 9.7616e+08 1.2523e+09
340 6.7584e+08 9.7616e+08 1.2523e+09
341 6.7584e+08 9.7616e+08 1.2523e+09
342 6.7584e+08 9.7616e+08 1.2523e+09
343 6.7584e+08 9.7616e+08 1.2523e+09
344 6.7584e+08 9.7616e+08 1.2523e+09
345 6.7584e+08 9.7616e+08 1.2523e+09
346 6.7584e+08 9.7616e+08 1.2523e+09
347 6.7584e+08 9.7616e+08 1.2523e+09
348 6.7584e+08 9.7616e+08 1.2523e+09
349 6.7584e+08 9.7616e+08 1.2523e+09
350 6.7584e+08 9.7616e+08 1.2523e+09
351 6.7584e+08 9.7616e+08 1.2523e+09
352 6.7584e+08 9.7616e+08 1.2523e+09
353 6.7584e+08 9.7616e+08 1.2523e+09
354 6.7584e+08 9.7616e+08 1.2523e+09
355 6.7584e+08 9.7616e+08 1.2523e+09
356 6.7584e+08 9.7616e+08 1.2523e+09
357 6.7584e+08 9.7616e+08 1.2523e+09
358 6.7584e+08 9.7616e+08 1.2523e+09
359 6.7584e+08 9.7616e+08 1.2523e+09
360 6.7584e+08 9.7616e+08 1.2523e+09
361 6.7584e+08 9.7616e+08 1.2523e+09
362 6.7584e+08 9.7616e+08 1.2523e+09
363 6.7584e+08 9.7616e+08 1.2523e+09
364 6.7584e+08 9.7616e+08 1.2523e+09
365 6.7584e+08 9.7616e+08 1.2523e+09
366 6.7584e+08 9.7616e+08 1.2523e+09
367 6.7584e+08 9.7616e+08 1.2523e+09
368 6.7584e+08 9.7616e+08 1.2523e+09
369 6.7584e+08 9.7616e+08 1.2523e+09
370 6.7584e+08 9.7616e+08 1.2523e+09
371 6.7584e+08 9.7616e+08 1.2523e+09
372 6.7584e+08 9.7616e+08 1.2523e+09
373 6.7584e+08 9.7616e+08 1.2523e+09
374 6.7584e+08 9.7616e+08 1.2523e+09
375 6.7584e+08 9.7616e+08 1.2523e+09
376 6.7584e+08 9.7616e+08 1.2523e+09
377 6.7584e+08 9.7616e+08 1.2523e+09
378 6.7584e+08 9.7616e+08 1.2523e+09
379 6.7584e+08 9.7616e+08 1.2523e+09
380 6.7584e+08 9.7616e+08 1.2523e+09
381 6.7584e+08 9.7616e+08 1.2523e+09
382 6.7584e+08 9.7616e+08 1.2523e+09
383 6.7584e+08 9.7616e+08 1.2523e+09
384 6.7584e+08 9.7616e+08 1.2523e+09
385 6.7584e+08 9.7616e+08 1.2523e+09
386 6.7584e+08 9.7616e+08 1.2523e+09
387 6.7584e+08 9.7616e+08 1.2523e+09
388 6.7584e+08 9.7616e+08 1.2523e+09
389 6.7584e+08 9.7616e+08 1.2523e+09
390 6.7584e+08 9.7616e+08 1.2523e+09
391 6.7584e+08 9.7616e+08 1.2523e+09
392 6.7584e+08 9.7616e+08 1.2523e+09
393 6.7584e+08 9.7616e+08 1.2523e+09
394 6.7584e+08 9.7616e+08 1.2523e+09
395 6.7584e+08 9.7616e+08 1.2523e+09
396 6.7584e+08 9.7616e+08 1.2523e+09
397 6.7584e+08 9.7616e+08 1.2523e+09
398 6.7584e+08 9.7616e+08 1.2523e+09
399 6.7584e+08 9.7616e+08 1.2523e+09
400 6.7584e+08 9.7616e+08 1.2523e+09
