0.32375 0.010289
0.29813 0.010679
0.30759 0.010536
0.30059 0.010642
0.30154 0.010628
0.31062 0.010489
0.30113 0.010634
0.30027 0.010647
0.29119 0.010785
0.29436 0.010737
0.29218 0.01077
0.29886 0.010668
0.2925 0.010765
0.30055 0.010643
0.29939 0.01066
0.29845 0.010675
0.29007 0.010802
0.31805 0.010376
0.33094 0.01018
0.34163 0.010017
0.35084 0.0098773
0.35898 0.0097534
0.36632 0.0096417
0.37303 0.0095395
0.38368 0.0093775
0.38869 0.0093012
0.39351 0.0092278
0.39817 0.0091569
0.40267 0.0090884
0.40702 0.0090222
0.41123 0.0089581
0.41532 0.0088959
0.41929 0.0088355
0.42315 0.0087767
0.4269 0.0087196
0.43056 0.0086639
0.43412 0.0086097
0.4376 0.0085568
0.441 0.0085051
0.44431 0.0084546
0.44756 0.0084052
0.45074 0.0083569
0.45384 0.0083095
0.45689 0.0082632
0.45988 0.0082177
0.4628 0.0081732
0.46568 0.0081294
0.4685 0.0080865
0.47127 0.0080443
0.474 0.0080028
0.47667 0.0079621
0.47931 0.007922
0.4819 0.0078826
0.48445 0.0078438
0.48696 0.0078056
0.48943 0.0077679
0.49187 0.0077309
0.49427 0.0076943
0.49663 0.0076583
0.49897 0.0076228
0.50127 0.0075877
0.50354 0.0075532
0.50578 0.0075191
0.50799 0.0074854
0.51018 0.0074521
0.51458 0.0073852
0.51652 0.0073556
0.51845 0.0073263
0.52036 0.0072972
0.52226 0.0072683
0.52414 0.0072396
0.52601 0.0072112
0.52787 0.007183
0.52971 0.007155
0.53153 0.0071272
0.53334 0.0070996
0.53514 0.0070722
0.53692 0.0070451
0.5387 0.0070181
0.54045 0.0069914
0.5422 0.0069648
0.54393 0.0069385
0.54565 0.0069123
0.54735 0.0068864
0.54905 0.0068606
0.55073 0.006835
0.5524 0.0068096
0.55405 0.0067844
0.5557 0.0067594
0.55733 0.0067345
0.55895 0.0067099
0.56056 0.0066854
0.56216 0.0066611
0.56374 0.0066369
0.56532 0.0066129
0.56688 0.0065891
0.56844 0.0065655
0.56998 0.006542
0.57151 0.0065187
0.57303 0.0064955
0.57454 0.0064725
0.57604 0.0064497
0.57753 0.006427
0.57902 0.0064045
0.58049 0.0063821
0.58195 0.0063599
0.5834 0.0063378
0.58484 0.0063159
0.58627 0.0062941
0.58769 0.0062725
0.5891 0.006251
0.5905 0.0062296
0.5919 0.0062084
0.59328 0.0061873
0.59466 0.0061664
0.59603 0.0061456
0.59738 0.0061249
0.59873 0.0061044
0.60007 0.006084
0.6014 0.0060637
0.60273 0.0060436
0.60404 0.0060236
0.60535 0.0060037
0.60665 0.0059839
0.60794 0.0059643
0.60922 0.0059448
0.61049 0.0059254
0.61176 0.0059061
0.61302 0.0058869
0.61427 0.0058679
0.61551 0.005849
0.61675 0.0058302
0.61798 0.0058115
0.6192 0.0057929
0.62041 0.0057745
0.62162 0.0057561
0.62281 0.0057379
0.62401 0.0057197
0.62519 0.0057017
0.62637 0.0056838
0.62754 0.005666
0.6287 0.0056483
0.62986 0.0056307
0.63101 0.0056132
0.63215 0.0055958
0.63328 0.0055785
0.63441 0.0055613
0.63554 0.0055442
0.63665 0.0055272
0.63776 0.0055103
0.63887 0.0054935
0.63997 0.0054768
0.64106 0.0054602
0.64214 0.0054437
0.64322 0.0054273
0.64429 0.005411
0.64536 0.0053947
0.64642 0.0053786
0.64747 0.0053625
0.64852 0.0053466
0.64957 0.0053307
0.6506 0.0053149
0.65164 0.0052992
0.65266 0.0052836
0.65368 0.0052681
0.6547 0.0052526
0.65571 0.0052373
0.65671 0.005222
0.65771 0.0052068
0.6587 0.0051917
0.65969 0.0051767
0.66067 0.0051617
0.66165 0.0051469
0.66262 0.0051321
0.66358 0.0051174
0.66455 0.0051027
0.6655 0.0050882
0.66645 0.0050737
0.6674 0.0050593
0.66834 0.005045
0.66928 0.0050307
0.67021 0.0050165
0.67113 0.0050024
0.67206 0.0049884
0.67297 0.0049745
0.67389 0.0049606
0.67479 0.0049468
0.6757 0.004933
0.67659 0.0049193
0.67749 0.0049057
0.67838 0.0048922
0.67926 0.0048787
0.68014 0.0048653
0.68102 0.004852
0.68189 0.0048388
0.68276 0.0048256
0.68467 0.0047964
0.68499 0.0047916
0.6853 0.0047868
0.68562 0.004782
0.68593 0.0047773
0.68624 0.0047725
0.68871 0.004735
0.68954 0.0047223
0.69037 0.0047097
0.69119 0.0046971
0.69202 0.0046846
0.69283 0.0046722
0.69365 0.0046598
0.69446 0.0046475
0.69526 0.0046353
0.69606 0.0046231
0.69686 0.0046109
0.69765 0.0045988
0.69844 0.0045868
0.69923 0.0045748
0.70001 0.0045629
0.70079 0.0045511
0.70157 0.0045393
0.70234 0.0045275
0.70311 0.0045158
0.70387 0.0045042
0.70463 0.0044926
0.70539 0.0044811
0.70614 0.0044696
0.70689 0.0044582
0.70764 0.0044468
0.70838 0.0044355
0.70912 0.0044243
0.70986 0.0044131
0.71059 0.0044019
0.71132 0.0043908
0.71205 0.0043797
0.71277 0.0043687
0.71349 0.0043578
0.71421 0.0043469
0.71492 0.004336
0.71563 0.0043252
0.71634 0.0043144
0.71704 0.0043037
0.71775 0.0042931
0.71844 0.0042824
0.71914 0.0042719
0.71983 0.0042613
0.72052 0.0042509
0.7212 0.0042404
0.72189 0.00423
0.72256 0.0042197
0.72324 0.0042094
0.72391 0.0041992
0.72458 0.004189
0.72525 0.0041788
0.72592 0.0041687
0.72658 0.0041586
0.72724 0.0041486
0.72789 0.0041386
0.72855 0.0041286
0.7292 0.0041187
0.72985 0.0041089
0.73049 0.0040991
0.73113 0.0040893
0.73177 0.0040796
0.73241 0.0040699
0.73304 0.0040602
0.73367 0.0040506
0.7343 0.004041
0.73493 0.0040315
0.73555 0.004022
0.73617 0.0040126
0.73679 0.0040032
0.73741 0.0039938
0.73802 0.0039845
0.73863 0.0039752
0.73924 0.0039659
0.73985 0.0039567
0.74045 0.0039475
0.74105 0.0039384
0.74165 0.0039293
0.74224 0.0039202
0.74284 0.0039112
0.74343 0.0039022
