1.0837 NaN
1.0839 NaN
1.0841 NaN
1.0839 NaN
1.084 NaN
1.0841 NaN
1.0842 NaN
1.0843 NaN
1.0844 NaN
1.0845 NaN
1.0846 NaN
1.0848 NaN
1.0849 NaN
1.0851 NaN
1.0853 NaN
1.0851 NaN
1.0852 NaN
1.0853 NaN
1.0854 NaN
1.0855 NaN
1.0856 NaN
1.0857 NaN
1.0858 NaN
1.0859 NaN
1.0861 NaN
1.0862 NaN
1.0863 NaN
1.0864 NaN
1.0865 NaN
1.0866 NaN
1.0867 NaN
1.0868 NaN
1.0869 NaN
1.087 NaN
1.0871 NaN
1.0872 NaN
1.0873 NaN
1.0874 NaN
1.0875 NaN
1.0876 NaN
1.0877 NaN
1.0878 NaN
1.0879 NaN
1.088 NaN
1.0884 NaN
1.0884 NaN
1.0884 NaN
1.0885 NaN
1.0885 NaN
1.0887 NaN
1.0888 NaN
1.0889 NaN
1.0891 NaN
1.0891 NaN
1.0892 NaN
1.0897 NaN
1.0894 NaN
0.71306 0.0043643
1.0896 NaN
1.0898 NaN
1.0899 NaN
1.09 NaN
1.0901 NaN
1.0902 NaN
1.0903 NaN
1.0904 NaN
1.0905 NaN
1.0906 NaN
1.0911 NaN
1.0911 NaN
1.0911 NaN
1.0911 NaN
1.0912 NaN
1.0913 NaN
1.0914 NaN
1.0915 NaN
0.49888 0.0076242
0.49383 0.0077011
0.48879 0.0077777
0.48865 0.0077798
0.48366 0.0078559
0.47868 0.0079316
0.47372 0.0080071
0.47061 0.0080545
0.46691 0.0081108
0.46384 0.0081575
0.45895 0.0082318
0.45897 0.0082315
0.45413 0.0083052
0.45114 0.0083508
0.44755 0.0084053
0.4446 0.0084503
0.44472 0.0084485
0.43998 0.0085207
0.43708 0.0085647
0.43543 0.0085898
0.43075 0.0086611
0.43096 0.0086578
0.42632 0.0087285
0.42429 0.0087594
0.42197 0.0087946
0.41739 0.0088644
0.41771 0.0088595
0.415 0.0089008
0.41352 0.0089232
0.40902 0.0089918
0.40942 0.0089857
0.40496 0.0090536
0.40357 0.0090748
0.40097 0.0091143
0.40145 0.009107
0.39707 0.0091737
0.39576 0.0091936
0.39325 0.0092318
0.39381 0.0092233
0.38951 0.0092888
0.38763 0.0093174
0.38584 0.0093445
0.3816 0.0094091
0.38226 0.0093991
0.37989 0.0094352
0.37876 0.0094524
0.37459 0.0095158
0.37533 0.0095045
0.37304 0.0095394
0.37199 0.0095554
0.3679 0.0096176
0.36872 0.0096051
0.36651 0.0096388
0.3637 0.0096815
0.36153 0.0097147
0.36242 0.009701
0.35845 0.0097614
1.0984 NaN
1.0986 NaN
1.0987 NaN
1.0988 NaN
1.099 NaN
1.0991 NaN
1.0992 NaN
1.0993 NaN
1.0995 NaN
0.34424 0.0099778
0.34048 0.010035
0.34162 0.010018
0.3379 0.010074
0.33725 0.010084
0.33539 0.010112
0.33661 0.010094
0.33296 0.010149
0.33158 0.01017
0.33155 0.010171
0.32504 0.01027
0.33361 0.01014
0.32676 0.010244
0.3251 0.010269
0.32163 0.010322
0.31953 0.010354
0.32399 0.010286
0.31727 0.010388
0.3169 0.010394
0.31384 0.01044
0.31615 0.010405
0.31342 0.010447
0.31106 0.010483
0.31207 0.010467
1.103 NaN
1.1032 NaN
1.103 NaN
1.1031 NaN
0.30805 0.010529
0.30126 0.010632
0.30298 0.010606
0.2996 0.010657
0.30253 0.010612
0.29574 0.010716
0.28916 0.010816
0.30088 0.010638
0.294 0.010742
0.29362 0.010748
0.29095 0.010789
0.29013 0.010801
0.28344 0.010903
0.29146 0.010781
0.28463 0.010885
0.284 0.010895
0.2797 0.01096
0.25258 0.011373
0.27038 0.011102
0.29089 0.01079
0.26122 0.011241
0.27747 0.010994
0.27021 0.011104
0.27861 0.010977
0.27496 0.011032
0.2757 0.011021
0.26771 0.011142
0.27034 0.011103
0.26979 0.011111
0.26745 0.011146
0.26777 0.011142
0.2674 0.011147
0.25819 0.011287
0.26234 0.011224
0.23639 0.011619
0.24733 0.011453
0.25663 0.011311
0.26453 0.011191
0.27124 0.011089
0.25808 0.011289
0.25717 0.011303
0.25647 0.011314
0.2604 0.011254
0.24734 0.011453
0.24994 0.011413
0.25163 0.011387
0.25243 0.011375
0.25236 0.011376
0.25145 0.01139
0.24971 0.011416
0.24713 0.011456
0.24372 0.011508
0.23946 0.011572
0.24709 0.011456
0.24098 0.011549
0.24245 0.011527
0.24737 0.011452
0.23858 0.011586
0.22855 0.011738
0.25595 0.011321
0.24564 0.011478
0.23356 0.011662
0.2422 0.011531
0.22814 0.011745
0.23295 0.011672
0.22827 0.011743
0.23831 0.01159
0.22058 0.01186
0.23184 0.011688
0.21379 0.011963
0.21875 0.011888
0.22696 0.011763
0.23278 0.011674
0.18721 0.012368
0.17393 0.01257
0.1624 0.012745
0.15218 0.012901
0.14298 0.013041
0.13458 0.013169
0.12684 0.013287
0.11962 0.013396
0.1095 0.01355
0.10385 0.013636
0.09837 0.01372
0.093046 0.013801
0.087875 0.013879
0.082849 0.013956
0.077962 0.01403
0.073207 0.014103
0.068577 0.014173
0.064066 0.014242
0.059668 0.014309
0.055378 0.014374
0.051188 0.014438
0.047095 0.0145
0.043094 0.014561
0.03918 0.014621
0.035348 0.014679
0.031594 0.014736
0.027915 0.014792
0.024307 0.014847
0.020767 0.014901
0.017292 0.014954
0.013878 0.015006
0.0090472 0.015079
0.005943 0.015126
0.0028691 0.015173
NaN 0.01522
NaN 0.015265
NaN 0.015311
NaN 0.015356
NaN 0.0154
NaN 0.015444
NaN 0.015488
NaN 0.015531
NaN 0.015573
NaN 0.015615
NaN 0.015657
NaN 0.015698
NaN 0.015739
NaN 0.015779
NaN 0.015819
NaN 0.015859
NaN 0.015898
NaN 0.015936
NaN 0.015975
NaN 0.016013
NaN 0.01605
NaN 0.016087
